"日付","摘要","内容","出金","入金","残高","メモ","区分1","区分2","番号","年","月","日"
"2022/1/11","クレジット","","64,693","","40,019","","","振替支払い","0001","2022","1","11"
"2022/1/19","カ－ド","","","1,000","41,019","","","入金","0002","2022","1","19"
"2022/1/19","カ－ド","","","985","42,004","","","入金","0003","2022","1","19"
"2022/1/21","カ－ド","","","765","42,769","","","入金","0004","2022","1","21"
"2022/1/21","カ－ド","","","995","43,764","","","入金","0005","2022","1","21"
"2022/1/26","口座振替４","保険","4,800","","38,964","","","振替支払い","0007","2022","1","26"
"2022/1/27","カ－ド","","","9,905","48,869","","","入金","0008","2022","1","27"
"2022/1/27","カ－ド","","","4,170","53,039","","","入金","0009","2022","1","27"
"2022/1/27","カ－ド","","1,000","","52,039","","","支払い","0010","2022","1","27"
